1.4986142
0.63121577
0.11315506
0.57440008
0.2854709
0.28002418
0.59778783
0.4869831
0.17508082
0.38841495
0.35955833
-0.1297592
0.19635734
0.1331569
-0.23129776
-0.1509558
0.63393567
-0.23304878
0.20979318
0.42838135
0.27271262
0.277913
0.14395255
0.37175271
0.31163706
0.38099775
0.19493124
0.18737854
0.081731501
-0.022142876
0.044188586
0.37507604
-0.22916585
-0.36440971
-0.35976689
-0.32814964
-0.11198043
0.22230832
0.46117265
0.06202355
0.29425186
0.28466586
-0.2841534
-0.38066366
-0.36703781
-0.18710146
-0.33040025
-0.054707029
-0.20316949
-0.027985162
0.2731102
0.45667016
-0.1152648
-0.44981957
-0.36405636
-0.32734598
-0.27492931
0.1375789
-0.0099876085
-0.33102274
